MEMORY
  total            14.2 MB
  struct          159.2 KB
  buffer           43.7 KB
  arena            14.0 MB, used 0.4%

SIZES
  narena                14680064
  nbuffer               44784
  nplugin               0
  maxuse_stack          6712
  maxuse_arena          58624
  maxuse_con            21
  maxuse_efc            84
  ncon                  3
  ne                    0
  nf                    0
  nl                    0
  nefc                  12
  nJ                    168
  nA                    0
  nisland               0
  nidof                 0
  threadpool            0

TIMER
    0:  duration =  19         number = 58
    1:  duration =  18         number = 58
    2:  duration =  0          number = 0
    3:  duration =  4.9        number = 58
    4:  duration =  0.41       number = 58
    5:  duration =  0.11       number = 58
    6:  duration =  0.69       number = 58
    7:  duration =  0.33       number = 58
    8:  duration =  3          number = 58
    9:  duration =  0.28       number = 58
    10:  duration =  0.77       number = 58
    11:  duration =  0.69       number = 58
    12:  duration =  0.02       number = 58
    13:  duration =  0.46       number = 58
    14:  duration =  0.29       number = 58

SOLVER STAT
  solver_fwdinv =   0         0       
  ISLAND 0
    solver_niter = 2
    solver_nnz = 196
      0:  improvement =  0.93        gradient =  0.03        lineslope =  0       
          nactive = 10   nchange = 1   neval = 3   nupdate = 1
      1:  improvement =  0.0025      gradient =  9.6e-16     lineslope =  0       
          nactive = 10   nchange = 0   neval = 2   nupdate = 0

ENERGY =   0         0       

TIME =  1e+02   

QPOS
  -0.18    
   0.33    
   0.11    
   0.98    
   0.012   
  -0.073   
   0.16    
  -0.64    
   0.43    
   0.96    
   0.55    
   0.76    
  -0.86    
  -0.78    
   0.7     

QVEL
  -0.0084  
   0.00041 
   0.0096  
   0.00037 
  -0.1     
   0.026   
   0.093   
  -0.6     
  -0.46    
   0.56    
  -0.15    
  -0.64    
  -0.52    
   0.32    

QACC_WARMSTART
  -0.11    
  -0.3     
  -0.21    
   0.53    
   0.83    
  -3.3     
   17      
  -16      
   22      
  -10      
  -6       
   61      
   5.7     
   1.7e+02 

CTRL
  -0.77    
  -0.6     
   0.74    
  -1.5     
  -1.4     
   1       
   0.52    
   1.5     

QFRC_APPLIED
   0       
   0       
   0       
   0       
   0       
   0       
   0       
   0       
   0       
   0       
   0       
   0       
   0       
   0       

XFRC_APPLIED
   0         0         0         0         0         0       
   0         0         0         0         0         0       
   0         0         0         0         0         0       
   0         0         0         0         0         0       
   0         0         0         0         0         0       
   0         0         0         0         0         0       
   0         0         0         0         0         0       
   0         0         0         0         0         0       
   0         0         0         0         0         0       
   0         0         0         0         0         0       
   0         0         0         0         0         0       
   0         0         0         0         0         0       
   0         0         0         0         0         0       
   0         0         0         0         0         0       
   0         0         0         0         0         0       
   0         0         0         0         0         0       
   0         0         0         0         0         0       
   0         0         0         0         0         0       
   0         0         0         0         0         0       
   0         0         0         0         0         0       
   0         0         0         0         0         0       
   0         0         0         0         0         0       
   0         0         0         0         0         0       
   0         0         0         0         0         0       
   0         0         0         0         0         0       
   0         0         0         0         0         0       
   0         0         0         0         0         0       
   0         0         0         0         0         0       
   0         0         0         0         0         0       
   0         0         0         0         0         0       
   0         0         0         0         0         0       
   0         0         0         0         0         0       
   0         0         0         0         0         0       

QACC
  -0.11    
  -0.3     
  -0.21    
   0.53    
   0.83    
  -3.3     
   17      
  -16      
   22      
  -10      
  -6       
   61      
   5.7     
   1.7e+02 

XPOS
   0         0         0       
  -0.18      0.33      0.11    
  -0.18      0.33      0.11    
  -0.24      0.52      0.064   
  -0.25      0.55      0.064   
  -0.25      0.6       0.066   
  -0.25      0.61      0.067   
  -0.22      0.71      0.076   
  -0.21      0.74      0.079   
  -0.2       0.79      0.082   
  -0.2       0.81      0.083   
  -0.26      0.85      0.077   
  -0.29      0.85      0.073   
  -0.33      0.83      0.078   
  -0.34      0.82      0.088   
  -0.16      0.86      0.092   
  -0.13      0.86      0.096   
  -0.084     0.88      0.096   
  -0.067     0.89      0.091   
  -0.3       0.39      0.049   
  -0.33      0.38      0.045   
  -0.37      0.37      0.052   
  -0.39      0.36      0.063   
  -0.41      0.36      0.081   
  -0.44      0.33      0.11    
  -0.45      0.31      0.11    
  -0.11      0.46      0.079   
  -0.086     0.47      0.083   
  -0.047     0.48      0.1     
  -0.036     0.48      0.12    
  -0.018     0.49      0.14    
   0.0032    0.51      0.18    
   0.0077    0.53      0.19    

XQUAT
   1         0         0         0       
   0.98      0.012    -0.072     0.16    
   0.98      0.012    -0.072     0.16    
   0.98      0.012    -0.072     0.16    
   0.98      0.012    -0.072     0.16    
   0.98      0.034    -0.065    -0.16    
   0.98      0.034    -0.065    -0.16    
   0.98      0.034    -0.065    -0.16    
   0.98      0.034    -0.065    -0.16    
   1         0.02     -0.071     0.055   
   1         0.02     -0.071     0.055   
   0.64     -0.32      0.2       0.67    
   0.64     -0.32      0.2       0.67    
   0.26     -0.19      0.32      0.89    
   0.26     -0.19      0.32      0.89    
  -0.67      0.2       0.32      0.64    
  -0.67      0.2       0.32      0.64    
  -0.82      0.27      0.25      0.43    
  -0.82      0.27      0.25      0.43    
   0.45     -0.6       0.37      0.54    
   0.45     -0.6       0.37      0.54    
   0.22     -0.43      0.57      0.67    
  -0.24     -0.78      0.56      0.17    
  -0.24     -0.78      0.56      0.17    
  -0.15     -0.94      0.18      0.26    
  -0.15     -0.94      0.18      0.26    
  -0.54      0.37      0.6       0.45    
  -0.54      0.37      0.6       0.45    
  -0.33      0.11      0.7       0.62    
  -0.73     -0.36      0.26      0.52    
  -0.73     -0.36      0.26      0.52    
  -0.86     -0.25      0.37      0.24    
  -0.86     -0.25      0.37      0.24    

XMAT
   1         0         0         0         1         0         0         0         1       
   0.94     -0.32     -0.14      0.32      0.95     -0.047     0.15      0.00014   0.99    
   0.94     -0.32     -0.14      0.32      0.95     -0.047     0.15      0.00014   0.99    
   0.94     -0.32     -0.14      0.32      0.95     -0.047     0.15      0.00014   0.99    
   0.94     -0.32     -0.14      0.32      0.95     -0.047     0.15      0.00014   0.99    
   0.94      0.3      -0.14     -0.31      0.95     -0.047     0.12      0.088     0.99    
   0.94      0.3      -0.14     -0.31      0.95     -0.047     0.12      0.088     0.99    
   0.94      0.3      -0.14     -0.31      0.95     -0.047     0.12      0.088     0.99    
   0.94      0.3      -0.14     -0.31      0.95     -0.047     0.12      0.088     0.99    
   0.98     -0.11     -0.14      0.11      0.99     -0.047     0.14      0.032     0.99    
   0.98     -0.11     -0.14      0.11      0.99     -0.047     0.14      0.032     0.99    
   0.018    -0.98     -0.18      0.74     -0.11      0.67     -0.68     -0.14      0.72    
   0.018    -0.98     -0.18      0.74     -0.11      0.67     -0.68     -0.14      0.72    
  -0.79     -0.58     -0.18      0.34     -0.66      0.67     -0.51      0.47      0.72    
  -0.79     -0.58     -0.18      0.34     -0.66      0.67     -0.51      0.47      0.72    
  -0.018     0.98     -0.18     -0.74      0.11      0.67      0.68      0.14      0.72    
  -0.018     0.98     -0.18     -0.74      0.11      0.67      0.68      0.14      0.72    
   0.5       0.85     -0.18     -0.57      0.47      0.67      0.65     -0.23      0.72    
   0.5       0.85     -0.18     -0.57      0.47      0.67      0.65     -0.23      0.72    
   0.14     -0.94     -0.32      0.047    -0.32      0.95     -0.99     -0.15      0.00014 
   0.14     -0.94     -0.32      0.047    -0.32      0.95     -0.99     -0.15      0.00014 
  -0.54     -0.78     -0.32     -0.18     -0.26      0.95     -0.82      0.57      0.00014 
   0.32     -0.78     -0.54     -0.95     -0.26     -0.18     -0.00014   0.57     -0.82    
   0.32     -0.78     -0.54     -0.95     -0.26     -0.18     -0.00014   0.57     -0.82    
   0.8      -0.26     -0.54     -0.42     -0.89     -0.18     -0.43      0.37     -0.82    
   0.8      -0.26     -0.54     -0.42     -0.89     -0.18     -0.43      0.37     -0.82    
  -0.14      0.94     -0.32     -0.047     0.32      0.95      0.99      0.15      0.00014 
  -0.14      0.94     -0.32     -0.047     0.32      0.95      0.99      0.15      0.00014 
  -0.76      0.57     -0.32     -0.26      0.19      0.95      0.6       0.8       0.00014 
   0.32      0.57     -0.76     -0.95      0.19     -0.26     -0.00014   0.8       0.6     
   0.32      0.57     -0.76     -0.95      0.19     -0.26     -0.00014   0.8       0.6     
   0.61      0.23     -0.76     -0.6       0.76     -0.26      0.52      0.61      0.6     
   0.61      0.23     -0.76     -0.6       0.76     -0.26      0.52      0.61      0.6     

XIPOS
   0         0         0       
  -0.18      0.33      0.11    
  -0.22      0.42      0.11    
  -0.24      0.52      0.064   
  -0.25      0.55      0.064   
  -0.25      0.6       0.066   
  -0.23      0.66      0.072   
  -0.22      0.71      0.076   
  -0.21      0.74      0.079   
  -0.2       0.79      0.082   
  -0.21      0.86      0.084   
  -0.26      0.85      0.077   
  -0.29      0.85      0.073   
  -0.33      0.83      0.078   
  -0.37      0.78      0.11    
  -0.16      0.86      0.092   
  -0.13      0.86      0.096   
  -0.084     0.88      0.096   
  -0.024     0.91      0.079   
  -0.3       0.39      0.049   
  -0.33      0.38      0.045   
  -0.37      0.37      0.052   
  -0.39      0.36      0.063   
  -0.41      0.36      0.081   
  -0.44      0.33      0.11    
  -0.46      0.27      0.13    
  -0.11      0.46      0.079   
  -0.086     0.47      0.083   
  -0.047     0.48      0.1     
  -0.036     0.48      0.12    
  -0.018     0.49      0.14    
   0.0032    0.51      0.18    
   0.019     0.56      0.22    

XIMAT
   1         0         0         0         1         0         0         0         1       
   0.94     -0.32     -0.14      0.32      0.95     -0.047     0.15      0.00014   0.99    
   0.94     -0.32     -0.14      0.32      0.95     -0.047     0.15      0.00014   0.99    
   0.94     -0.32     -0.14      0.32      0.95     -0.047     0.15      0.00014   0.99    
   0.94     -0.32     -0.14      0.32      0.95     -0.047     0.15      0.00014   0.99    
   0.94      0.3      -0.14     -0.31      0.95     -0.047     0.12      0.088     0.99    
   0.94      0.3      -0.14     -0.31      0.95     -0.047     0.12      0.088     0.99    
   0.94      0.3      -0.14     -0.31      0.95     -0.047     0.12      0.088     0.99    
   0.94      0.3      -0.14     -0.31      0.95     -0.047     0.12      0.088     0.99    
   0.98     -0.11     -0.14      0.11      0.99     -0.047     0.14      0.032     0.99    
   0.98     -0.11     -0.14      0.11      0.99     -0.047     0.14      0.032     0.99    
   0.14     -0.98     -0.11      0.046    -0.11      0.99     -0.99     -0.14      0.031   
   0.018    -0.98     -0.18      0.74     -0.11      0.67     -0.68     -0.14      0.72    
  -0.79     -0.58     -0.18      0.34     -0.66      0.67     -0.51      0.47      0.72    
  -0.79     -0.58     -0.18      0.34     -0.66      0.67     -0.51      0.47      0.72    
  -0.14      0.98     -0.11     -0.046     0.11      0.99      0.99      0.14      0.031   
  -0.018     0.98     -0.18     -0.74      0.11      0.67      0.68      0.14      0.72    
   0.5       0.85     -0.18     -0.57      0.47      0.67      0.65     -0.23      0.72    
   0.5       0.85     -0.18     -0.57      0.47      0.67      0.65     -0.23      0.72    
   0.32     -0.94      0.14     -0.95     -0.32      0.047    -0.00014  -0.15     -0.99    
   0.14     -0.94     -0.32      0.047    -0.32      0.95     -0.99     -0.15      0.00014 
  -0.54     -0.78     -0.32     -0.18     -0.26      0.95     -0.82      0.57      0.00014 
   0.54     -0.78      0.32      0.18     -0.26     -0.95      0.82      0.57     -0.00014 
   0.32     -0.78     -0.54     -0.95     -0.26     -0.18     -0.00014   0.57     -0.82    
   0.8      -0.26     -0.54     -0.42     -0.89     -0.18     -0.43      0.37     -0.82    
   0.8      -0.26     -0.54     -0.42     -0.89     -0.18     -0.43      0.37     -0.82    
  -0.32      0.94      0.14      0.95      0.32      0.047     0.00014   0.15     -0.99    
  -0.14      0.94     -0.32     -0.047     0.32      0.95      0.99      0.15      0.00014 
  -0.76      0.57     -0.32     -0.26      0.19      0.95      0.6       0.8       0.00014 
   0.76      0.57      0.32      0.26      0.19     -0.95     -0.6       0.8      -0.00014 
   0.32      0.57     -0.76     -0.95      0.19     -0.26     -0.00014   0.8       0.6     
   0.61      0.23     -0.76     -0.6       0.76     -0.26      0.52      0.61      0.6     
   0.61      0.23     -0.76     -0.6       0.76     -0.26      0.52      0.61      0.6     

XANCHOR
  -0.18      0.33      0.11    
  -0.26      0.58      0.064   
  -0.2       0.77      0.082   
  -0.32      0.84      0.069   
  -0.1       0.87      0.1     
  -0.36      0.37      0.04    
  -0.44      0.35      0.098   
  -0.058     0.48      0.087   
  -0.0014    0.5       0.17    

XAXIS
   0         0         1       
  -0.14     -0.047     0.99    
  -0.14     -0.047     0.99    
  -0.18      0.67      0.72    
  -0.18      0.67      0.72    
  -0.32      0.95      0.00014 
  -0.54     -0.18     -0.82    
  -0.32      0.95      0.00014 
  -0.76     -0.26      0.6     

GEOM_XPOS
   0         0         0       
  -0.22      0.42      0.11    
  -0.25      0.55      0.064   
  -0.25      0.6       0.066   
  -0.23      0.66      0.072   
  -0.21      0.74      0.079   
  -0.2       0.79      0.082   
  -0.21      0.86      0.084   
  -0.29      0.85      0.073   
  -0.33      0.83      0.078   
  -0.37      0.78      0.11    
  -0.13      0.86      0.096   
  -0.084     0.88      0.096   
  -0.024     0.91      0.079   
  -0.33      0.38      0.045   
  -0.37      0.37      0.052   
  -0.41      0.36      0.081   
  -0.44      0.33      0.11    
  -0.46      0.27      0.13    
  -0.086     0.47      0.083   
  -0.047     0.48      0.1     
  -0.018     0.49      0.14    
   0.0032    0.51      0.18    
   0.019     0.56      0.22    

GEOM_XMAT
   1         0         0         0         1         0         0         0         1       
   0.94     -0.32     -0.14      0.32      0.95     -0.047     0.15      0.00014   0.99    
   0.94     -0.32     -0.14      0.32      0.95     -0.047     0.15      0.00014   0.99    
   0.94      0.3      -0.14     -0.31      0.95     -0.047     0.12      0.088     0.99    
   0.94      0.3      -0.14     -0.31      0.95     -0.047     0.12      0.088     0.99    
   0.94      0.3      -0.14     -0.31      0.95     -0.047     0.12      0.088     0.99    
   0.98     -0.11     -0.14      0.11      0.99     -0.047     0.14      0.032     0.99    
   0.98     -0.11     -0.14      0.11      0.99     -0.047     0.14      0.032     0.99    
   0.018    -0.98     -0.18      0.74     -0.11      0.67     -0.68     -0.14      0.72    
  -0.79     -0.58     -0.18      0.34     -0.66      0.67     -0.51      0.47      0.72    
  -0.79     -0.58     -0.18      0.34     -0.66      0.67     -0.51      0.47      0.72    
  -0.018     0.98     -0.18     -0.74      0.11      0.67      0.68      0.14      0.72    
   0.5       0.85     -0.18     -0.57      0.47      0.67      0.65     -0.23      0.72    
   0.5       0.85     -0.18     -0.57      0.47      0.67      0.65     -0.23      0.72    
   0.14     -0.94     -0.32      0.047    -0.32      0.95     -0.99     -0.15      0.00014 
  -0.54     -0.78     -0.32     -0.18     -0.26      0.95     -0.82      0.57      0.00014 
   0.32     -0.78     -0.54     -0.95     -0.26     -0.18     -0.00014   0.57     -0.82    
   0.8      -0.26     -0.54     -0.42     -0.89     -0.18     -0.43      0.37     -0.82    
   0.8      -0.26     -0.54     -0.42     -0.89     -0.18     -0.43      0.37     -0.82    
  -0.14      0.94     -0.32     -0.047     0.32      0.95      0.99      0.15      0.00014 
  -0.76      0.57     -0.32     -0.26      0.19      0.95      0.6       0.8       0.00014 
   0.32      0.57     -0.76     -0.95      0.19     -0.26     -0.00014   0.8       0.6     
   0.61      0.23     -0.76     -0.6       0.76     -0.26      0.52      0.61      0.6     
   0.61      0.23     -0.76     -0.6       0.76     -0.26      0.52      0.61      0.6     

SITE_XPOS
   0         0         0.15    
  -0.24      0.52      0.064   
  -0.18      0.33      0.064   
  -0.3       0.39      0.049   
  -0.11      0.46      0.079   
  -0.23      0.42      0.21    
  -0.2       0.43      0.014   
  -0.25      0.61      0.067   
  -0.22      0.71      0.076   
  -0.28      0.68      0.066   
  -0.19      0.65      0.078   
  -0.24      0.66      0.12    
  -0.23      0.66      0.022   
  -0.2       0.81      0.083   
  -0.21      0.91      0.086   
  -0.26      0.85      0.077   
  -0.16      0.86      0.092   
  -0.22      0.85      0.13    
  -0.2       0.86      0.035   
  -0.34      0.82      0.088   
  -0.4       0.75      0.13    
  -0.33      0.77      0.14    
  -0.41      0.8       0.086   
  -0.38      0.82      0.15    
  -0.36      0.75      0.075   
  -0.067     0.89      0.091   
   0.018     0.93      0.068   
  -0.049     0.94      0.047   
   0.00048   0.88      0.11    
  -0.033     0.94      0.12    
  -0.015     0.88      0.043   
  -0.39      0.36      0.063   
  -0.45      0.31      0.11    
  -0.47      0.22      0.15    
  -0.5       0.29      0.15    
  -0.42      0.25      0.11    
  -0.49      0.26      0.09    
  -0.43      0.28      0.17    
  -0.036     0.48      0.12    
   0.0077    0.53      0.19    
   0.03      0.6       0.25    
  -0.012     0.59      0.2     
   0.05      0.53      0.25    
  -0.019     0.55      0.25    
   0.057     0.58      0.19    

SITE_XMAT
   1         0         0         0         1         0         0         0         1       
   0.94     -0.32     -0.14      0.32      0.95     -0.047     0.15      0.00014   0.99    
  -0.94      0.32     -0.14     -0.32     -0.95     -0.047    -0.15     -0.00014   0.99    
  -0.32     -0.94     -0.14      0.95     -0.32     -0.047     0.00014  -0.15      0.99    
   0.32      0.94     -0.14     -0.95      0.32     -0.047    -0.00014   0.15      0.99    
   0.94     -0.14      0.32      0.32     -0.047    -0.95      0.15      0.99     -0.00014 
  -0.94      0.14      0.32     -0.32      0.047    -0.95     -0.15     -0.99     -0.00014 
   0.94      0.3      -0.14     -0.31      0.95     -0.047     0.12      0.088     0.99    
   0.94      0.3      -0.14     -0.31      0.95     -0.047     0.12      0.088     0.99    
   0.3      -0.94     -0.14      0.95      0.31     -0.047     0.088    -0.12      0.99    
  -0.3       0.94     -0.14     -0.95     -0.31     -0.047    -0.088     0.12      0.99    
   0.94     -0.14     -0.3      -0.31     -0.047    -0.95      0.12      0.99     -0.088   
  -0.94      0.14     -0.3       0.31      0.047    -0.95     -0.12     -0.99     -0.088   
   0.98     -0.11     -0.14      0.11      0.99     -0.047     0.14      0.032     0.99    
   0.98     -0.11     -0.14      0.11      0.99     -0.047     0.14      0.032     0.99    
  -0.11     -0.98     -0.14      0.99     -0.11     -0.047     0.032    -0.14      0.99    
   0.11      0.98     -0.14     -0.99      0.11     -0.047    -0.032     0.14      0.99    
   0.98     -0.14      0.11      0.11     -0.047    -0.99      0.14      0.99     -0.032   
  -0.98      0.14      0.11     -0.11      0.047    -0.99     -0.14     -0.99     -0.032   
  -0.79     -0.58     -0.18      0.34     -0.66      0.67     -0.51      0.47      0.72    
  -0.79     -0.58     -0.18      0.34     -0.66      0.67     -0.51      0.47      0.72    
  -0.58      0.79     -0.18     -0.66     -0.34      0.67      0.47      0.51      0.72    
   0.58     -0.79     -0.18      0.66      0.34      0.67     -0.47     -0.51      0.72    
  -0.79     -0.18      0.58      0.34      0.67      0.66     -0.51      0.72     -0.47    
   0.79      0.18      0.58     -0.34     -0.67      0.66      0.51     -0.72     -0.47    
   0.5       0.85     -0.18     -0.57      0.47      0.67      0.65     -0.23      0.72    
   0.5       0.85     -0.18     -0.57      0.47      0.67      0.65     -0.23      0.72    
   0.85     -0.5      -0.18      0.47      0.57      0.67     -0.23     -0.65      0.72    
  -0.85      0.5      -0.18     -0.47     -0.57      0.67      0.23      0.65      0.72    
   0.5      -0.18     -0.85     -0.57      0.67     -0.47      0.65      0.72      0.23    
  -0.5       0.18     -0.85      0.57     -0.67     -0.47     -0.65     -0.72      0.23    
  -0.54     -0.78     -0.32     -0.18     -0.26      0.95     -0.82      0.57      0.00014 
   0.8      -0.26     -0.54     -0.42     -0.89     -0.18     -0.43      0.37     -0.82    
   0.8      -0.26     -0.54     -0.42     -0.89     -0.18     -0.43      0.37     -0.82    
  -0.26     -0.8      -0.54     -0.89      0.42     -0.18      0.37      0.43     -0.82    
   0.26      0.8      -0.54      0.89     -0.42     -0.18     -0.37     -0.43     -0.82    
   0.8      -0.54      0.26     -0.42     -0.18      0.89     -0.43     -0.82     -0.37    
  -0.8       0.54      0.26      0.42      0.18      0.89      0.43      0.82     -0.37    
  -0.76      0.57     -0.32     -0.26      0.19      0.95      0.6       0.8       0.00014 
   0.61      0.23     -0.76     -0.6       0.76     -0.26      0.52      0.61      0.6     
   0.61      0.23     -0.76     -0.6       0.76     -0.26      0.52      0.61      0.6     
   0.23     -0.61     -0.76      0.76      0.6      -0.26      0.61     -0.52      0.6     
  -0.23      0.61     -0.76     -0.76     -0.6      -0.26     -0.61      0.52      0.6     
   0.61     -0.76     -0.23     -0.6      -0.26     -0.76      0.52      0.6      -0.61    
  -0.61      0.76     -0.23      0.6       0.26     -0.76     -0.52     -0.6      -0.61    

LIGHT_XPOS
   0         0         1       

LIGHT_XDIR
   0         0        -1       

SUBTREE_COM
  -0.21      0.53      0.1     
  -0.21      0.53      0.1     
  -0.21      0.53      0.1     
  -0.22      0.77      0.081   
  -0.25      0.55      0.064   
  -0.21      0.8       0.083   
  -0.21      0.81      0.084   
  -0.21      0.83      0.086   
  -0.21      0.74      0.079   
  -0.2       0.85      0.087   
  -0.21      0.85      0.088   
  -0.31      0.82      0.088   
  -0.29      0.85      0.073   
  -0.35      0.8       0.097   
  -0.37      0.78      0.11    
  -0.097     0.88      0.089   
  -0.13      0.86      0.096   
  -0.049     0.9       0.086   
  -0.024     0.91      0.079   
  -0.39      0.35      0.077   
  -0.33      0.38      0.045   
  -0.42      0.33      0.088   
  -0.43      0.32      0.096   
  -0.41      0.36      0.081   
  -0.45      0.29      0.12    
  -0.46      0.27      0.13    
  -0.04      0.5       0.14    
  -0.086     0.47      0.083   
  -0.015     0.51      0.16    
  -0.0076    0.52      0.17    
  -0.018     0.49      0.14    
   0.012     0.54      0.2     
   0.019     0.56      0.22    

CDOF
   0         0         0         1         0         0       
   0         0         0         0         1         0       
   0         0         0         0         0         1       
   0.94      0.32      0.15     -0.033     0.0063    0.2     
  -0.32      0.95      0.00014  -0.011    -0.0038   -0.034   
  -0.14     -0.047     0.99     -0.2      -0.033    -0.029   
  -0.14     -0.047     0.99      0.047     0.05      0.0089  
  -0.14     -0.047     0.99      0.24     -0.013     0.032   
  -0.18      0.67      0.72      0.25      0.08     -0.012   
  -0.18      0.67      0.72      0.25     -0.082     0.14    
  -0.32      0.95      0.00014   0.058     0.02     -0.19    
  -0.54     -0.18     -0.82      0.15     -0.18     -0.057   
  -0.32      0.95      0.00014   0.014     0.0046    0.13    
  -0.76     -0.26      0.6      -0.0025   -0.18     -0.079   

CINERT
   0         0         0         0         0         0         0         0         0         0       
   0         0         0         0         0         0         0        -0         0         0       
   0.018     0.0068    0.018    -3.9e-05   4.3e-06   0.0012   -0.00037  -0.1       0.012     1       
   8.9e-05   0.00012   4.3e-05  -1.2e-05  -5.8e-05  -1.8e-05  -0.0015   -0.00048  -0.0023    0.06    
   4.7e-05   6.2e-05   4.3e-05   1.5e-05  -2.7e-05   1.5e-05  -0.00071   0.00041  -0.00075   0.02    
   0.00025   0.00013   0.00026   0.00011  -5.6e-05   9.8e-05  -0.0016    0.0027   -0.0014    0.04    
   0.0011    0.00016   0.0011    0.00013  -2.9e-05   0.00022  -0.00097   0.0074   -0.0016    0.055   
   0.002     3.9e-05   0.002     2.6e-05  -3.7e-06   0.00028  -0.00014   0.011    -0.0015    0.06    
   0.0009    2e-05     0.00089  -2.9e-05   3e-06     9.5e-05   0.00013   0.0042   -0.00045   0.02    
   0.0027    3.9e-05   0.0027   -0.00014   1.1e-05   0.0002    0.00054   0.01     -0.00078   0.04    
   0.006     0.00011   0.006    -0.0001    5.4e-06   0.00031   0.00031   0.018    -0.00095   0.055   
   0.0063    0.00015   0.0064    0.00084  -6.4e-05   0.00047  -0.0026    0.019    -0.0015    0.06    
   0.0021    0.00013   0.0022    0.00047  -4.2e-05   0.00018  -0.0015    0.0064   -0.00057   0.02    
   0.0037    0.00056   0.0042    0.0014   -0.00011   0.00028  -0.0046    0.012    -0.00094   0.04    
   0.0037    0.0014    0.005     0.0022    8.1e-05  -0.00013  -0.0085    0.014     0.00052   0.055   
   0.0067    0.00019   0.0068   -0.0011    3.3e-05   0.0002    0.0033    0.02     -0.0006    0.06    
   0.0023    0.00015   0.0024   -0.00057   9.5e-06   3.9e-05   0.0017    0.0067   -0.00012   0.02    
   0.0049    0.0007    0.0056   -0.0018    3.1e-05   8.5e-05   0.0052    0.014    -0.00024   0.04    
   0.0082    0.0021    0.01     -0.004     0.00023   0.00047   0.01      0.021    -0.0012    0.055   
   0.0012    0.00062   0.0015   -0.0007   -0.00027  -0.00042  -0.0052   -0.0081   -0.0031    0.06    
   0.00049   0.00034   0.00069  -0.00033  -0.00013  -0.00016  -0.0023   -0.0029   -0.0011    0.02    
   0.0011    0.0011    0.002    -0.001    -0.00032  -0.00032  -0.0064   -0.0064   -0.002     0.04    
   0.0017    0.0019    0.0034   -0.0017   -0.0004   -0.00038  -0.01     -0.0099   -0.0023    0.06    
   0.00061   0.0008    0.0014   -0.00068  -8.3e-05  -7.2e-05  -0.004    -0.0034   -0.00042   0.02    
   0.0016    0.0021    0.0036   -0.0018    3.2e-05   2.7e-05  -0.009    -0.0079    0.00014   0.04    
   0.0039    0.0034    0.0071   -0.0035    0.0004    0.00043  -0.013    -0.014     0.0016    0.055   
   0.00033   0.00063   0.0009    0.00042   0.00014  -9.8e-05   0.006    -0.0042   -0.0014    0.06    
   9e-05     0.00035   0.00041   0.00016   4.8e-05  -2.3e-05   0.0026   -0.0012   -0.00037   0.02    
   0.00011   0.0011    0.0012    0.00032  -9.9e-06   3.7e-06   0.0067   -0.0019    6.7e-05   0.04    
   0.00013   0.0019    0.002     0.00047  -0.00019   4.6e-05   0.011    -0.0026    0.0011    0.06    
   7.3e-05   0.00082   0.00081   0.00015  -0.00016   3.1e-05   0.0039   -0.00076   0.00083   0.02    
   0.00027   0.0022    0.0019    0.00015  -0.00068   5.4e-05   0.0087   -0.00068   0.0031    0.04    
   0.00096   0.0039    0.0032   -0.00047  -0.0015   -0.00024   0.013     0.002     0.0066    0.055   

ACTUATOR_LENGTH
  -0.64    
   0.43    
   0.76    
  -0.86    
  -0.78    
   0.7     
   0.96    
   0.55    

actuator_moment
----------------
       x        |
        x       |
           x    |
            x   |
             x  |
              x |
         x      |
          x     |
----------------

ACTUATOR_MOMENT
     6:  1       
     7:  1       
    10:  1       
    11:  1       
    12:  1       
    13:  1       
     8:  1       
     9:  1       

CRB
   0         0         0         0         0         0         0         0         0         0       
   0.081     0.034     0.1      -0.011    -0.0032    0.0029    4.9e-17   5.6e-17  -3.6e-17   2.3     
   0.081     0.034     0.1      -0.011    -0.0032    0.0029    4.9e-17   5.6e-17  -3.6e-17   2.3     
   0.051     0.0061    0.056    -0.0026    1.9e-05   0.0028   -0.00039   0.17     -0.014     0.7     
   4.7e-05   6.2e-05   4.3e-05   1.5e-05  -2.7e-05   1.5e-05  -0.00071   0.00041  -0.00075   0.02    
   0.051     0.0059    0.056    -0.0026    0.0001    0.0028    0.0019    0.17     -0.011     0.62    
   0.051     0.0058    0.055    -0.0027    0.00016   0.0027    0.0034    0.16     -0.01      0.58    
   0.049     0.0056    0.054    -0.0029    0.00019   0.0025    0.0044    0.16     -0.0083    0.52    
   0.0009    2e-05     0.00089  -2.9e-05   3e-06     9.5e-05   0.00013   0.0042   -0.00045   0.02    
   0.046     0.0056    0.051    -0.0029    0.00019   0.0021    0.0044    0.14     -0.0064    0.44    
   0.044     0.0055    0.049    -0.0027    0.00018   0.0019    0.0039    0.13     -0.0056    0.4     
   0.016     0.0023    0.018     0.0049   -0.00013   0.00081  -0.017     0.052    -0.0025    0.17    
   0.0021    0.00013   0.0022    0.00047  -4.2e-05   0.00018  -0.0015    0.0064   -0.00057   0.02    
   0.0074    0.002     0.0092    0.0036   -2.8e-05   0.00015  -0.013     0.026    -0.00042   0.095   
   0.0037    0.0014    0.005     0.0022    8.1e-05  -0.00013  -0.0085    0.014     0.00052   0.055   
   0.022     0.0032    0.025    -0.0075    0.00031   0.00079   0.021     0.062    -0.0022    0.17    
   0.0023    0.00015   0.0024   -0.00057   9.5e-06   3.9e-05   0.0017    0.0067   -0.00012   0.02    
   0.013     0.0028    0.016    -0.0058    0.00026   0.00055   0.016     0.035    -0.0015    0.095   
   0.0082    0.0021    0.01     -0.004     0.00023   0.00047   0.01      0.021    -0.0012    0.055   
   0.011     0.01      0.02     -0.0097   -0.00077  -0.0009   -0.051    -0.053    -0.0072    0.3     
   0.00049   0.00034   0.00069  -0.00033  -0.00013  -0.00016  -0.0023   -0.0029   -0.0011    0.02    
   0.0089    0.0093    0.018    -0.0087   -0.00037  -0.00031  -0.043    -0.042    -0.0029    0.21    
   0.0078    0.0082    0.016    -0.0077   -5.2e-05   2.6e-06  -0.037    -0.036    -0.00094   0.17    
   0.00061   0.0008    0.0014   -0.00068  -8.3e-05  -7.2e-05  -0.004    -0.0034   -0.00042   0.02    
   0.0054    0.0055    0.011    -0.0053    0.00043   0.00045  -0.022    -0.022     0.0018    0.095   
   0.0039    0.0034    0.0071   -0.0035    0.0004    0.00043  -0.013    -0.014     0.0016    0.055   
   0.002     0.011     0.01      0.0012   -0.0024   -0.00023   0.052    -0.0094    0.0099    0.3     
   9e-05     0.00035   0.00041   0.00016   4.8e-05  -2.3e-05   0.0026   -0.0012   -0.00037   0.02    
   0.0015    0.01      0.0092    0.00062  -0.0026   -0.00011   0.043    -0.004     0.012     0.21    
   0.0014    0.0088    0.0079    0.0003   -0.0026   -0.00011   0.036    -0.0021    0.012     0.17    
   7.3e-05   0.00082   0.00081   0.00015  -0.00016   3.1e-05   0.0039   -0.00076   0.00083   0.02    
   0.0012    0.0061    0.0051   -0.00032  -0.0022   -0.00019   0.022     0.0013    0.0097    0.095   
   0.00096   0.0039    0.0032   -0.00047  -0.0015   -0.00024   0.013     0.002     0.0066    0.055   

QM
   2.3     
   0         2.3     
   0         0         2.3     
  -0.076     0.014     0.45      0.16    
  -0.025    -0.0087   -0.078    -0.037     0.049   
  -0.45     -0.076    -0.067     0.0042    0.015     0.2     
  -0.14      0.031    -0.018     0.0044    0.0057    0.074     0.042   
  -0.036    -0.0023   -0.0051    0.0014    0.0017    0.025     0.015     0.0088  
   0.0046   -0.0019    0.0029    0.0012    0.00011  -0.0019   -0.00081   0.00023   0.00057 
  -0.0029    0.0033   -0.0038   -0.0014    0.0014    0.0024    0.0019    0.0011              0.00057 
   0.0097    0.0033    0.015     0.00082   0.0037   -0.00077                                           0.0022  
  -0.0046    0.0024    0.0025   -0.00016   0.00064  -0.00097                                           6e-19     0.00057 
   0.014     0.0048   -0.011    -0.0017    0.0039   -0.0017                                                                0.0024  
  -0.0035    0.0034   -0.003    -0.00075   0.00055   0.0017                                                               -6e-19     0.00057 

M
     0:  2.3     
     0:  0          1:  2.3     
     0:  0          1:  0          2:  2.3     
     0: -0.076      1:  0.014      2:  0.45       3:  0.16    
     0: -0.025      1: -0.0087     2: -0.078      3: -0.037      4:  0.049   
     0: -0.45       1: -0.076      2: -0.067      3:  0.0042     4:  0.015      5:  0.2     
     0: -0.14       1:  0.031      2: -0.018      3:  0.0044     4:  0.0057     5:  0.074      6:  0.042   
     0: -0.036      1: -0.0023     2: -0.0051     3:  0.0014     4:  0.0017     5:  0.025      6:  0.015      7:  0.0088  
     0:  0.0046     1: -0.0019     2:  0.0029     3:  0.0012     4:  0.00011    5: -0.0019     6: -0.00081    7:  0.00023    8:  0.00057 
     0: -0.0029     1:  0.0033     2: -0.0038     3: -0.0014     4:  0.0014     5:  0.0024     6:  0.0019     7:  0.0011     9:  0.00057 
     0:  0.0097     1:  0.0033     2:  0.015      3:  0.00082    4:  0.0037     5: -0.00077   10:  0.0022  
     0: -0.0046     1:  0.0024     2:  0.0025     3: -0.00016    4:  0.00064    5: -0.00097   10:  6e-19     11:  0.00057 
     0:  0.014      1:  0.0048     2: -0.011      3: -0.0017     4:  0.0039     5: -0.0017    12:  0.0024  
     0: -0.0035     1:  0.0034     2: -0.003      3: -0.00075    4:  0.00055    5:  0.0017    12: -6e-19     13:  0.00057 

QLD
     0:  0.9     
     0: -0.16       1:  1.8     
     0:  0.076      1: -0.061      2:  0.88    
     0: -0.66       1: -0.06       2:  3          3:  0.12    
     0: -0.29       1: -0.74       2: -2.4        3: -1.1        4:  0.03    
     0: -3.2        1: -2.3        2: -0.49       3: -0.075      4:  0.16       5:  0.058   
     0: -4.9        1:  2.5        2: -0.17       3:  0.36       4:  0.25       5:  2          6:  0.012   
     0: -4.8        1: -1.1        2:  0.097      3:  0.51       4: -0.14       5:  3.1        6:  1.8        7:  0.0067  
     0:  8.1        1: -3.4        2:  5.1        3:  2.1        4:  0.2        5: -3.3        6: -1.4        7:  0.41       8:  0.00057 
     0: -5          1:  5.8        2: -6.6        3: -2.5        4:  2.4        5:  4.3        6:  3.3        7:  1.9        9:  0.00057 
     0:  4.3        1:  1.5        2:  6.5        3:  0.36       4:  1.7        5: -0.34      10:  0.0022  
     0: -8.1        1:  4.2        2:  4.4        3: -0.28       4:  1.1        5: -1.7       10:  1.1e-15   11:  0.00057 
     0:  5.7        1:  2          2: -4.6        3: -0.72       4:  1.6        5: -0.7       12:  0.0024  
     0: -6.2        1:  6.1        2: -5.2        3: -1.3        4:  0.97       5:  3         12: -1.1e-15   13:  0.00057 

QLDIAGINV
   1.1     
   0.56    
   1.1     
   8.7     
   34      
   17      
   81      
   1.5e+02 
   1.8e+03 
   1.8e+03 
   4.5e+02 
   1.8e+03 
   4.1e+02 
   1.8e+03 

QH
     0:  1       
     0: -0.14       1:  2       
     0:  0.05       1: -0.068      2:  0.93    
     0: -0.58       1:  0.002      2:  3          3:  0.13    
     0: -0.12       1: -0.25       2: -1.9        3: -0.9        4:  0.04    
     0: -3          1: -1.8        2: -0.51       3: -0.047      4:  0.1        5:  0.072   
     0: -3.8        1:  1.5        2: -0.39       3:  0.15       4:  0.15       5:  1.7        6:  0.022   
     0: -3.4        1: -0.33       2: -0.37       3:  0.18       4:  0.11       5:  2.3        6:  1.4        7:  0.01    
     0:  1.8        1: -0.75       2:  1.1        3:  0.45       4:  0.044      5: -0.73       6: -0.32       7:  0.092      8:  0.0026  
     0: -1.1        1:  1.3        2: -1.5        3: -0.54       4:  0.53       5:  0.95       6:  0.73       7:  0.41       9:  0.0026  
     0:  2.3        1:  0.78       2:  3.5        3:  0.19       4:  0.87       5: -0.18      10:  0.0042  
     0: -1.8        1:  0.94       2:  0.97       3: -0.062      4:  0.25       5: -0.38      10:  2.3e-16   11:  0.0026  
     0:  3.1        1:  1.1        2: -2.5        3: -0.39       4:  0.88       5: -0.39      12:  0.0044  
     0: -1.4        1:  1.3        2: -1.2        3: -0.29       4:  0.21       5:  0.66      12: -2.3e-16   13:  0.0026  

QHDIAGINV
   0.96    
   0.5     
   1.1     
   7.9     
   25      
   14      
   46      
   97      
   3.9e+02 
   3.9e+02 
   2.4e+02 
   3.9e+02 
   2.3e+02 
   3.9e+02 

B: body-dof matrix
----------------
 xxxxxxxxxxxxxx |
 xxxxxxxxxxxxxx |
 xxxxxxxxxxxxxx |
 xxxxxxxxxx     |
 xxxxxx         |
 xxxxxxxxxx     |
 xxxxxxxxxx     |
 xxxxxxxxxx     |
 xxxxxxx        |
 xxxxxxxxxx     |
 xxxxxxxxxx     |
 xxxxxxxxx      |
 xxxxxxxx       |
 xxxxxxxxx      |
 xxxxxxxxx      |
 xxxxxxxx x     |
 xxxxxxxx       |
 xxxxxxxx x     |
 xxxxxxxx x     |
 xxxxxx    xx   |
 xxxxxx         |
 xxxxxx    xx   |
 xxxxxx    xx   |
 xxxxxx    x    |
 xxxxxx    xx   |
 xxxxxx    xx   |
 xxxxxx      xx |
 xxxxxx         |
 xxxxxx      xx |
 xxxxxx      xx |
 xxxxxx      x  |
 xxxxxx      xx |
 xxxxxx      xx |
----------------

B_rownnz              14 14 14 10 6 10 10 10 7 10 10 9 8 9 9 9 8 9 9 8 6 8 8 7 8 8 8 6 8 8 7 8 8

B_rowadr              0 14 28 42 52 58 68 78 88 95 105 115 124 132 141 150 159 167 176 185 193 199 207 215 222 230 238 246 252 260 268 275 283

B_colind              0 1 2 3 4 5 6 7 8 9 10 11 12 13 0 1 2 3 4 5 6 7 8 9 10 11 12 13 0 1 2 3 4 5 6 7 8 9 10 11 12 13 0 1 2 3 4 5 6 7 8 9 0 1 2 3 4 5 0 1 2 3 4 5 6 7 8 9 0 1 2 3 4 5 6 7 8 9 0 1 2 3 4 5 6 7 8 9 0 1 2 3 4 5 6 0 1 2 3 4 5 6 7 8 9 0 1 2 3 4 5 6 7 8 9 0 1 2 3 4 5 6 7 8 0 1 2 3 4 5 6 7 0 1 2 3 4 5 6 7 8 0 1 2 3 4 5 6 7 8 0 1 2 3 4 5 6 7 9 0 1 2 3 4 5 6 7 0 1 2 3 4 5 6 7 9 0 1 2 3 4 5 6 7 9 0 1 2 3 4 5 10 11 0 1 2 3 4 5 0 1 2 3 4 5 10 11 0 1 2 3 4 5 10 11 0 1 2 3 4 5 10 0 1 2 3 4 5 10 11 0 1 2 3 4 5 10 11 0 1 2 3 4 5 12 13 0 1 2 3 4 5 0 1 2 3 4 5 12 13 0 1 2 3 4 5 12 13 0 1 2 3 4 5 12 0 1 2 3 4 5 12 13 0 1 2 3 4 5 12 13

M: reduced inertia matrix
----------------
 x              |
 xx             |
 xxx            |
 xxxx           |
 xxxxx          |
 xxxxxx         |
 xxxxxxx        |
 xxxxxxxx       |
 xxxxxxxxx      |
 xxxxxxxx x     |
 xxxxxx    x    |
 xxxxxx    xx   |
 xxxxxx      x  |
 xxxxxx      xx |
----------------

M_rownnz              1 2 3 4 5 6 7 8 9 9 7 8 7 8

M_rowadr              0 1 3 6 10 15 21 28 36 45 54 61 69 76

M_colind              0 0 1 0 1 2 0 1 2 3 0 1 2 3 4 0 1 2 3 4 5 0 1 2 3 4 5 6 0 1 2 3 4 5 6 7 0 1 2 3 4 5 6 7 8 0 1 2 3 4 5 6 7 9 0 1 2 3 4 5 10 0 1 2 3 4 5 10 11 0 1 2 3 4 5 12 0 1 2 3 4 5 12 13

mapM2M                0 2 1 5 4 3 9 8 7 6 14 13 12 11 10 20 19 18 17 16 15 27 26 25 24 23 22 21 35 34 33 32 31 30 29 28 44 43 42 41 40 39 38 37 36 53 52 51 50 49 48 47 46 45 60 59 58 57 56 55 54 68 67 66 65 64 63 62 61 75 74 73 72 71 70 69 83 82 81 80 79 78 77 76

D: dof-dof matrix
----------------
 Dxxxxxxxxxxxxx |
 xDxxxxxxxxxxxx |
 xxDxxxxxxxxxxx |
 xxxDxxxxxxxxxx |
 xxxxDxxxxxxxxx |
 xxxxxDxxxxxxxx |
 xxxxxxDxxx     |
 xxxxxxxDxx     |
 xxxxxxxxD      |
 xxxxxxxx D     |
 xxxxxx    Dx   |
 xxxxxx    xD   |
 xxxxxx      Dx |
 xxxxxx      xD |
----------------

D_rownnz              14 14 14 14 14 14 10 10 9 9 8 8 8 8

D_rowadr              0 14 28 42 56 70 84 94 104 113 122 130 138 146

D_colind              0 1 2 3 4 5 6 7 8 9 10 11 12 13 0 1 2 3 4 5 6 7 8 9 10 11 12 13 0 1 2 3 4 5 6 7 8 9 10 11 12 13 0 1 2 3 4 5 6 7 8 9 10 11 12 13 0 1 2 3 4 5 6 7 8 9 10 11 12 13 0 1 2 3 4 5 6 7 8 9 10 11 12 13 0 1 2 3 4 5 6 7 8 9 0 1 2 3 4 5 6 7 8 9 0 1 2 3 4 5 6 7 8 0 1 2 3 4 5 6 7 9 0 1 2 3 4 5 10 11 0 1 2 3 4 5 10 11 0 1 2 3 4 5 12 13 0 1 2 3 4 5 12 13

mapM2D                0 2 5 9 14 20 27 35 44 53 60 68 75 83 2 1 4 8 13 19 26 34 43 52 59 67 74 82 5 4 3 7 12 18 25 33 42 51 58 66 73 81 9 8 7 6 11 17 24 32 41 50 57 65 72 80 14 13 12 11 10 16 23 31 40 49 56 64 71 79 20 19 18 17 16 15 22 30 39 48 55 63 70 78 27 26 25 24 23 22 21 29 38 47 35 34 33 32 31 30 29 28 37 46 44 43 42 41 40 39 38 37 36 53 52 51 50 49 48 47 46 45 60 59 58 57 56 55 54 62 68 67 66 65 64 63 62 61 75 74 73 72 71 70 69 77 83 82 81 80 79 78 77 76

mapD2M                0 15 14 30 29 28 45 44 43 42 60 59 58 57 56 75 74 73 72 71 70 90 89 88 87 86 85 84 101 100 99 98 97 96 95 94 112 111 110 109 108 107 106 105 104 121 120 119 118 117 116 115 114 113 128 127 126 125 124 123 122 137 136 135 134 133 132 131 130 144 143 142 141 140 139 138 153 152 151 150 149 148 147 146

QDERIV
     0:  0          1:  0          2:  0          3:  0          4:  0          5:  0          6:  0          7:  0          8:  0          9:  0         10:  0         11:  0         12:  0         13:  0       
     0:  0          1:  0          2:  0          3:  0          4:  0          5:  0          6:  0          7:  0          8:  0          9:  0         10:  0         11:  0         12:  0         13:  0       
     0:  0          1:  0          2:  0          3:  0          4:  0          5:  0          6:  0          7:  0          8:  0          9:  0         10:  0         11:  0         12:  0         13:  0       
     0:  0          1:  0          2:  0          3:  0          4:  0          5:  0          6:  0          7:  0          8:  0          9:  0         10:  0         11:  0         12:  0         13:  0       
     0:  0          1:  0          2:  0          3:  0          4:  0          5:  0          6:  0          7:  0          8:  0          9:  0         10:  0         11:  0         12:  0         13:  0       
     0:  0          1:  0          2:  0          3:  0          4:  0          5:  0          6:  0          7:  0          8:  0          9:  0         10:  0         11:  0         12:  0         13:  0       
     0:  0          1:  0          2:  0          3:  0          4:  0          5:  0          6: -1          7:  0          8:  0          9:  0       
     0:  0          1:  0          2:  0          3:  0          4:  0          5:  0          6:  0          7: -1          8:  0          9:  0       
     0:  0          1:  0          2:  0          3:  0          4:  0          5:  0          6:  0          7:  0          8: -1       
     0:  0          1:  0          2:  0          3:  0          4:  0          5:  0          6:  0          7:  0          9: -1       
     0:  0          1:  0          2:  0          3:  0          4:  0          5:  0         10: -1         11:  0       
     0:  0          1:  0          2:  0          3:  0          4:  0          5:  0         10:  0         11: -1       
     0:  0          1:  0          2:  0          3:  0          4:  0          5:  0         12: -1         13:  0       
     0:  0          1:  0          2:  0          3:  0          4:  0          5:  0         12:  0         13: -1       

CONTACT
  0:
     dim           3
     geoms         floor : robot-core
     exclude       0
     efc_address   0
     solref         0.02      1       
     solimp         0.9       0.95      0.001     0.5       2       
     dist          -0.00022 
     includemargin  0       
     pos           -0.26      0.3      -0.00011 
     frame          0         0         1         0         1         0        -1         0         0       
     friction       1         1         0.005     0.0001    0.0001  
     mu             1       
     force          9.5      -1.4       0.95      0         0         0       
  1:
     dim           3
     geoms         floor : robot-core
     exclude       0
     efc_address   4
     solref         0.02      1       
     solimp         0.9       0.95      0.001     0.5       2       
     dist          -0.0002  
     includemargin  0       
     pos           -0.33      0.49     -9.8e-05 
     frame          0         0         1         0         1         0        -1         0         0       
     friction       1         1         0.005     0.0001    0.0001  
     mu             1       
     force          6.7      -1.8       1.9       0         0         0       
  2:
     dim           3
     geoms         floor : robot-br_flippercore
     exclude       0
     efc_address   8
     solref         0.02      1       
     solimp         0.9       0.95      0.001     0.5       2       
     dist          -0.00085 
     includemargin  0       
     pos            0.0022    0.93     -0.00042 
     frame          0         0         1         0         1         0        -1         0         0       
     friction       1         1         0.005     0.0001    0.0001  
     mu             1       
     force          5.6       4        -1.6       0         0         0       

EFC_TYPE
  6
  6
  6
  6
  6
  6
  6
  6
  6
  6
  6
  6

EFC_ID
  0
  0
  0
  0
  1
  1
  1
  1
  2
  2
  2
  2

EFC_J
   0         1         1         0.095     0.048    -0.095     0         0         0         0         0         0         0         0       
   0        -1         1        -0.095     0.12      0.095     0         0         0         0         0         0         0         0       
  -1         0         1         0.032     0.19     -0.032     0         0         0         0         0         0         0         0       
   1         0         1        -0.032    -0.023     0.032     0         0         0         0         0         0         0         0       
   0         1         1         0.28      0.048    -0.19      0         0         0         0         0         0         0         0       
   0        -1         1         0.11      0.12      0.13      0         0         0         0         0         0         0         0       
  -1         0         1         0.26      0.19      0.13      0         0         0         0         0         0         0         0       
   1         0         1         0.14     -0.023    -0.18      0         0         0         0         0         0         0         0       
   0         1         1         0.64     -0.41      0.093     0.21      0.17      0        -0.023     0         0         0         0       
   0        -1         1         0.37     -0.33     -0.24     -0.29     -0.2       0        -0.14      0         0         0         0       
  -1         0         1         0.63     -0.26      0.51      0.31      0.14      0         0.032     0         0         0         0       
   1         0         1         0.38     -0.48     -0.66     -0.38     -0.17      0        -0.19      0         0         0         0       

EFC_POS
  -0.00022 
  -0.00022 
  -0.00022 
  -0.00022 
  -0.0002  
  -0.0002  
  -0.0002  
  -0.0002  
  -0.00085 
  -0.00085 
  -0.00085 
  -0.00085 

EFC_MARGIN
   0       
   0       
   0       
   0       
   0       
   0       
   0       
   0       
   0       
   0       
   0       
   0       

EFC_FRICTIONLOSS
   0       
   0       
   0       
   0       
   0       
   0       
   0       
   0       
   0       
   0       
   0       
   0       

EFC_DIAGAPPROX
   2.4     
   2.4     
   2.4     
   2.4     
   2.4     
   2.4     
   2.4     
   2.4     
   30      
   30      
   30      
   30      

EFC_KBIP
   2.8e+03   1.1e+02   0.9      -44      
   2.8e+03   1.1e+02   0.9      -44      
   2.8e+03   1.1e+02   0.9      -44      
   2.8e+03   1.1e+02   0.9      -44      
   2.8e+03   1.1e+02   0.9      -39      
   2.8e+03   1.1e+02   0.9      -39      
   2.8e+03   1.1e+02   0.9      -39      
   2.8e+03   1.1e+02   0.9      -39      
   2.8e+03   1.1e+02   0.95     -30      
   2.8e+03   1.1e+02   0.95     -30      
   2.8e+03   1.1e+02   0.95     -30      
   2.8e+03   1.1e+02   0.95     -30      

EFC_D
   4       
   4       
   4       
   4       
   3.9     
   3.9     
   3.9     
   3.9     
   0.61    
   0.61    
   0.61    
   0.61    

EFC_R
   0.25    
   0.25    
   0.25    
   0.25    
   0.25    
   0.25    
   0.25    
   0.25    
   1.6     
   1.6     
   1.6     
   1.6     

ACTUATOR_VELOCITY
   0.086   
  -0.59    
  -0.14    
  -0.67    
  -0.52    
   0.25    
  -0.46    
   0.56    

CVEL
   0         0         0         0         0         0       
   0.031    -0.1       0.024    -0.012    -0.00051   0.013   
   0.031    -0.1       0.024    -0.012    -0.00051   0.013   
   0.031    -0.1       0.024    -0.012    -0.00051   0.013   
   0.031    -0.1       0.024    -0.012    -0.00051   0.013   
   0.019    -0.11      0.11     -0.0077    0.0038    0.014   
   0.019    -0.11      0.11     -0.0077    0.0038    0.014   
   0.019    -0.11      0.11     -0.0077    0.0038    0.014   
   0.019    -0.11      0.11     -0.0077    0.0038    0.014   
   0.1      -0.08     -0.48     -0.15      0.011    -0.0055  
   0.1      -0.08     -0.48     -0.15      0.011    -0.0055  
   0.1      -0.08     -0.48     -0.15      0.011    -0.0055  
   0.1      -0.08     -0.48     -0.15      0.011    -0.0055  
   0.18     -0.39     -0.81     -0.26     -0.026     0.00026 
   0.18     -0.39     -0.81     -0.26     -0.026     0.00026 
   0.1      -0.08     -0.48     -0.15      0.011    -0.0055  
   0.1      -0.08     -0.48     -0.15      0.011    -0.0055  
   0.00065   0.3      -0.07     -0.0082   -0.035     0.071   
   0.00065   0.3      -0.07     -0.0082   -0.035     0.071   
   0.031    -0.1       0.024    -0.012    -0.00051   0.013   
   0.031    -0.1       0.024    -0.012    -0.00051   0.013   
   0.077    -0.24      0.024    -0.02     -0.0034    0.04    
   0.077    -0.24      0.024    -0.02     -0.0034    0.04    
   0.077    -0.24      0.024    -0.02     -0.0034    0.04    
   0.44     -0.12      0.57     -0.12      0.12      0.078   
   0.44     -0.12      0.57     -0.12      0.12      0.078   
   0.031    -0.1       0.024    -0.012    -0.00051   0.013   
   0.031    -0.1       0.024    -0.012    -0.00051   0.013   
   0.2      -0.6       0.024    -0.019    -0.0029   -0.056   
   0.2      -0.6       0.024    -0.019    -0.0029   -0.056   
   0.2      -0.6       0.024    -0.019    -0.0029   -0.056   
   0.0074   -0.66      0.18     -0.019    -0.048    -0.076   
   0.0074   -0.66      0.18     -0.019    -0.048    -0.076   

CDOF_DOT
   0         0         0         0         0         0       
   0         0         0         0         0         0       
   0         0         0         0         0         0       
   0         0         0        -0.0032    0.011    -0.0025  
   0        -0         0        -0.0095   -0.0032   -0.0078  
   0        -0         0         0.00037   0.0067    0.00037 
  -0.1      -0.033    -0.016    -0.002     0.011     0.0068  
  -0.1      -0.033    -0.016     0.0023    0.031     0.026   
   0.26      0.012     0.053     0.051    -0.011    -0.068   
   0.26      0.012     0.053    -0.038    -0.024    -0.085   
  -0.022    -0.0076   -0.0046    0.0066    0.0029   -0.0046  
   0.2       0.051    -0.14      0.028    -0.03      0.023   
  -0.022    -0.0076   -0.0046   -0.026    -0.0078   -0.0097  
  -0.35     -0.14     -0.5       0.035     0.069    -0.034   

QFRC_BIAS
   0.0007  
  -0.0046  
   22      
   4.4     
  -0.77    
  -0.66    
  -0.17    
  -0.05    
   0.029   
  -0.037   
   0.14    
   0.024   
  -0.11    
  -0.029   

QFRC_SPRING
   0       
   0       
   0       
   0       
   0       
   0       
   0       
   0       
   0       
   0       
   0       
   0       
   0       
   0       

QFRC_DAMPER
   0       
   0       
   0       
   0       
   0       
   0       
   0       
   0       
   0       
   0       
   0       
   0       
   0       
   0       

QFRC_GRAVCOMP
   0       
   0       
   0       
   0       
   0       
   0       
   0       
   0       
   0       
   0       
   0       
   0       
   0       
   0       

QFRC_FLUID
   0       
   0       
   0       
   0       
   0       
   0       
   0       
   0       
   0       
   0       
   0       
   0       
   0       
   0       

QFRC_PASSIVE
   0       
   0       
   0       
   0       
   0       
   0       
   0       
   0       
   0       
   0       
   0       
   0       
   0       
   0       

EFC_VEL
   0.0024  
  -0.0005  
  -0.0033  
   0.0052  
  -2.2e-05 
   0.00012 
   0.0003  
  -0.00021 
  -0.043   
   0.057   
   0.018   
  -0.003   

EFC_AREF
   0.3     
   0.61    
   0.9     
   0.011   
   0.49    
   0.48    
   0.46    
   0.51    
   6.7     
  -3.8     
   0.39    
   2.5     

SUBTREE_LINVEL
   0         0         0       
   0         0         0       
   0         0         0       
   0         0         0       
   0         0         0       
   0         0         0       
   0         0         0       
   0         0         0       
   0         0         0       
   0         0         0       
   0         0         0       
   0         0         0       
   0         0         0       
   0         0         0       
   0         0         0       
   0         0         0       
   0         0         0       
   0         0         0       
   0         0         0       
   0         0         0       
   0         0         0       
   0         0         0       
   0         0         0       
   0         0         0       
   0         0         0       
   0         0         0       
   0         0         0       
   0         0         0       
   0         0         0       
   0         0         0       
   0         0         0       
   0         0         0       
   0         0         0       

SUBTREE_ANGMOM
   0         0         0       
   0         0         0       
   0         0         0       
   0         0         0       
   0         0         0       
   0         0         0       
   0         0         0       
   0         0         0       
   0         0         0       
   0         0         0       
   0         0         0       
   0         0         0       
   0         0         0       
   0         0         0       
   0         0         0       
   0         0         0       
   0         0         0       
   0         0         0       
   0         0         0       
   0         0         0       
   0         0         0       
   0         0         0       
   0         0         0       
   0         0         0       
   0         0         0       
   0         0         0       
   0         0         0       
   0         0         0       
   0         0         0       
   0         0         0       
   0         0         0       
   0         0         0       
   0         0         0       

ACTUATOR_FORCE
  -0.21    
  -0.43    
   0.13    
   0.062   
  -0.088   
   0.061   
   0.03    
   0.36    

QFRC_ACTUATOR
   0       
   0       
   0       
   0       
   0       
   0       
  -0.21    
  -0.43    
   0.03    
   0.36    
   0.13    
   0.062   
  -0.088   
   0.061   

QFRC_SMOOTH
  -0.0007  
   0.0046  
  -22      
  -4.4     
   0.77    
   0.66    
  -0.038   
  -0.38    
   0.0013  
   0.4     
  -0.013   
   0.037   
   0.021   
   0.09    

QACC_SMOOTH
   0.65    
  -3       
  -11      
   0.49    
  -55      
   13      
   53      
  -3.1e+02 
   3e+02   
   1.1e+03 
   1.6e+02 
   2.2e+02 
   57      
   1.4e+02 

EFC_B
  -18      
  -14      
  -23      
  -8.7     
  -19      
  -13      
  -21      
  -12      
  -66      
  -96      
   17      
  -1.8e+02 

EFC_FORCE
   1.7     
   3.1     
   2.9     
   1.9     
   0.79    
   2.5     
   2.6     
   0.7     
   4       
   0       
   0       
   1.6     

EFC_STATE
  1
  1
  1
  1
  1
  1
  1
  1
  1
  0
  0
  1

QFRC_CONSTRAINT
  -1.3     
   0.77    
   22      
   4.3     
  -0.58    
  -0.2     
   0.24    
   0.42    
   0       
  -0.4     
   0       
   0       
   0       
   0       

QFRC_INVERSE
   0       
   0       
   0       
   0       
   0       
   0       
   0       
   0       
   0       
   0       
   0       
   0       
   0       
   0       

CACC
   0         0         0         0         0         0       
   0         0         0         0         0         0       
   0         0         0         0         0         0       
   0         0         0         0         0         0       
   0         0         0         0         0         0       
   0         0         0         0         0         0       
   0         0         0         0         0         0       
   0         0         0         0         0         0       
   0         0         0         0         0         0       
   0         0         0         0         0         0       
   0         0         0         0         0         0       
   0         0         0         0         0         0       
   0         0         0         0         0         0       
   0         0         0         0         0         0       
   0         0         0         0         0         0       
   0         0         0         0         0         0       
   0         0         0         0         0         0       
   0         0         0         0         0         0       
   0         0         0         0         0         0       
   0         0         0         0         0         0       
   0         0         0         0         0         0       
   0         0         0         0         0         0       
   0         0         0         0         0         0       
   0         0         0         0         0         0       
   0         0         0         0         0         0       
   0         0         0         0         0         0       
   0         0         0         0         0         0       
   0         0         0         0         0         0       
   0         0         0         0         0         0       
   0         0         0         0         0         0       
   0         0         0         0         0         0       
   0         0         0         0         0         0       
   0         0         0         0         0         0       

CFRC_INT
   0         0         0         0         0         0       
   0         0         0         0         0         0       
   0         0         0         0         0         0       
   0         0         0         0         0         0       
   0         0         0         0         0         0       
   0         0         0         0         0         0       
   0         0         0         0         0         0       
   0         0         0         0         0         0       
   0         0         0         0         0         0       
   0         0         0         0         0         0       
   0         0         0         0         0         0       
   0         0         0         0         0         0       
   0         0         0         0         0         0       
   0         0         0         0         0         0       
   0         0         0         0         0         0       
   0         0         0         0         0         0       
   0         0         0         0         0         0       
   0         0         0         0         0         0       
   0         0         0         0         0         0       
   0         0         0         0         0         0       
   0         0         0         0         0         0       
   0         0         0         0         0         0       
   0         0         0         0         0         0       
   0         0         0         0         0         0       
   0         0         0         0         0         0       
   0         0         0         0         0         0       
   0         0         0         0         0         0       
   0         0         0         0         0         0       
   0         0         0         0         0         0       
   0         0         0         0         0         0       
   0         0         0         0         0         0       
   0         0         0         0         0         0       
   0         0         0         0         0         0       

CFRC_EXT
   0         0         0         0         0         0       
   0         0         0         0         0         0       
   0         0         0         0         0         0       
   0         0         0         0         0         0       
   0         0         0         0         0         0       
   0         0         0         0         0         0       
   0         0         0         0         0         0       
   0         0         0         0         0         0       
   0         0         0         0         0         0       
   0         0         0         0         0         0       
   0         0         0         0         0         0       
   0         0         0         0         0         0       
   0         0         0         0         0         0       
   0         0         0         0         0         0       
   0         0         0         0         0         0       
   0         0         0         0         0         0       
   0         0         0         0         0         0       
   0         0         0         0         0         0       
   0         0         0         0         0         0       
   0         0         0         0         0         0       
   0         0         0         0         0         0       
   0         0         0         0         0         0       
   0         0         0         0         0         0       
   0         0         0         0         0         0       
   0         0         0         0         0         0       
   0         0         0         0         0         0       
   0         0         0         0         0         0       
   0         0         0         0         0         0       
   0         0         0         0         0         0       
   0         0         0         0         0         0       
   0         0         0         0         0         0       
   0         0         0         0         0         0       
   0         0         0         0         0         0       

